Human	Environment	Animal
382796	224431	228459
245476	231004	264901
201478	231007	264371
118350	180565	264512
264434	243780	296781
118350	266954	248442
264436	247626	288155
118351	183870	267913
264437	271076	262597
203272	235068	262604
118361	208306	267336
264434	266855	264297
217030	80232	172865
217101	258180	248445
189736	227279	180922
254521	246460	180923
198530	139538	180925
198525	137864	180908
177676	272006	258316
51758	247261	185628
234910	64795	185629
261094	251763	191646
198523	224523	34524
198524	289525	88707
248191	286006	88088
216875	254548	88091
216872	280771	88102
261391	49765	88098
272534	49766	88097
160672	127362	88085
160675	188067	88099
381542	183141	88100
331206	107502	88094
174144	88457	86765
267716	88398	88091
237137	86577	88440
317422	88390	88099
316715	144298	88086
237232	144299	88087
201137	87233	88091
225356	86803	88110
280889	87426	86990
280887	87256	103043
41370	87232	86711
42415	87242	86717
196068	85950	86525
192252	85320	86308
192263	144299	154168
192255	160463	86783
192255	86020	86727
247977	86031	86296
247812	89565	88862
84620	89614	67863
84287	89605	88086
84039	89612	88087
90351	89614	88095
88083	87970	88086
144284	84590	88087
144283	67920	106212
144285	84600	88072
144285	89655	72113
144285	83999	88990
87949	84076	243567
120143	85313	59547
144623	76971	75967
87353	88867	150743
154935	90193	100190
87364	170343	215630
88830	144295	59342
88838	144297	110781
110599	143491	90498
86696	87573	100953
84574	144292	90495
92125	144292	110776
92902	144299	90493
83567	143486	126464
144298	88031	108766
93113	144300	120093
144291	144299	102566
112125	87029	90493
110927	244583	110790
110928	200991	190048
110938	148271	195724
110930	136479	205537
111023	136479	88601
110590	196741	86424
89214	150239	85245
87949	125201	85235
89624	147918	204654
89752	148224	122169
90229	197508	85239
90603	198136	86416
143491	149660	85239
88059	196899	89377
85438	122073	89663
143487	196850	104041
88064	122213	105694
92482	129547	122556
144285	94341	125296
144298	107183	105959
88371	108288	103130
88186	66867	130294
144298	69236	131158
144289	78591	132208
144298	91569	125190
144277	91569	85231
86996	91570	155096
144292	79705	36940
86502	84313	120834
144290	40341	41034
99119	93014	46712
60106	212614	46563
91485	190049	46568
102752	190048	43931
144298	190042	46700
93141	190051	35626
144285	190047	43097
91662	190042	46708
86246	195717	46712
149700	191322	70972
134471	76285	46713
118775	118893	46703
84886	88113	93311
144395	115000	35626
144283	211292	35628
87268	133277	73585
90306	89593	35626
144308	100813	196664
89786	102911	67848
144301	102910	67843
175982	102909	67846
237518	102909	67848
234016	102912	67844
73344	102908	76819
73342	102905	76820
233858	102909	76824
151274	102910	76809
151282	125168	76825
78540	124549	186174
137187	141243	186166
105923	200376	169490
199433	199095	174978
127328	97675	180639
95799	97679	169535
146967	97668	175174
91478	98997	169482
165660	90613	126990
125758	46387	175379
208053	46398	109514
88039	48596	175002
64690	46569	161696
29255	95785	37673
85320	46568	37665
90933	47396	37666
103215	46569	37666
88106	35626	37669
64239	35617	75330
89652	93291	37661
105670	47258	37673
212311	27983	37677
212309	74019	37668
212310	46912	37672
212308	47021	36880
212309	46965	37672
212309	46969	37672
212309	23650	37665
212308	23648	37673
195273	46941	75222
212311	23654	36739
212311	46715	37668
212310	46723	36574
212311	46716	36565
212304	49658	75010
207065	93345	37551
211420	46574	43390
186056	46401	37235
16176	46400	74951
118892	46401	37672
87892	46400	37672
121262	46401	37672
99971	46401	37665
119549	45738	37673
92802	45736	75239
175453	43931	75058
187011	45736	37673
197502	46708	37671
98846	46707	151647
132287	46568	151647
136394	46568	151649
83467	46563	151650
132864	46568	151173
203156	39416	151647
155641	46570	151648
201359	46569	165477
62833	46564	165280
99135	46567	165190
98876	46569	164986
98872	46565	165161
98867	44908	165473
95289	148111	165473
97980	35956	163069
98937	198424	162449
93725	151999	113891
96840	152445	112569
103395	165590	115625
92859	165596	115617
198507	169340	159885
46568	136922	159884
47397	169241	154915
46569	164686	157832
46564	148322	157818
37590	121756	48100
52903	49210	48100
52890	156141	48094
71920	156133	48100
36028	138838	48090
30790	156148	48100
30790	144098	48100
34234	156148	48100
34320	179436	48095
34234	153983	123653
68003	153214	152316
46569	177974	94854
46569	177508	96162
23455	169172	96187
46517	160392	96171
46539	176240	96168
46569	135872	96158
46564	135861	92910
46176	152427	94179
44853	97070	148398
46569	146472	148384
46559	170853	147924
46568	170901	87063
39532	169958	105344
46553	169810	141114
43025	103800	128283
48342	169575	73723
20561	132934	137722
61334	169215	137238
42290	163305	34662
46566	148931	60051
46369	97793	135610
169034	168909	120894
169034	147164	111141
154000	147211	111140
174409	147164	110354
166378	168907	111142
156149	108816	112461
156150	167910	111008
161390	167419	110887
156147	109611	120907
156148	167428	129256
126227	167215	13055
156147	167212	128610
156150	37673	53323
156141	37673	53348
182017	37672	52370
146557	37640	47558
143294	37673	40717
146552	30188	52784
181724	166184	48267
154541	128551	128358
162083	153636	110177
130884	135953	114631
159360	154091	104923
178452	159956	39521
151460	159966	46683
163914	159963	124348
155169	138656	110120
121782	142045	66749
176140	142038	66749
160333	133590	66751
144803	133589	115045
117629	140054	116392
172595	142708	115766
138565	140619	115202
138568	161535	114994
138570	159963	83970
137127	114230	114928
28932	122732	114979
164048	117575	115733
138568	121029	115515
138572	131975	91270
166983	156529	117765
166331	156556	117637
166987	155254	117634
166986	154938	117555
166982	154454	116630
165992	154454	115085
158978	80954	115087
158981	123565	115926
108621	103341	58844
169695	102321	111136
58818	102313	115508
73957	83517	114719
148865	83314	57651
148866	137450	83605
120907	83173	110466
138059	83173	98026
158033	151834	112747
119637	151211	112651
120876	150372	17685
123061	151202	35212
6575	149605	17684
167499	147951	17684
166903	110778	35109
70704	73356	17672
35515	90888	35059
70577	90894	111732
35514	146297	55778
142728	136136	65592
133078	136414	109320
122765	135163	108843
152736	102417	107047
140444	77568	105012
137319	88809	104614
127019	145654	106798
165595	107867	106642
165594	143111	98519
165595	121584	106135
165594	121723	104535
120565	121726	100656
165027	118063	104438
164977	142663	63216
164897	142340	63215
164926	142339	64897
163053	139079	63216
162757	130634	92810
130686	139073	57728
126266	139079	104395
101318	139078	104514
137447	139078	103834
131441	139079	102834
93702	10144	102827
132146	135503	102817
138395	134781	102832
131741	134481	102829
138951	88271	102526
141297	131902	102830
141597	125788	101199
141297	130491	99904
141615	124034	96053
141605	124030	98181
158455	117559	98108
157791	106174	96412
45432	6758	96414
103426	42514	96397
153156	42525	66023
90788	42514	94372
97127	52071	96829
102320	50697	96581
86116	50929	96350
102285	49680	96349
153113	44950	96339
150366	44950	96350
147724	52534	96350
93378	53347	96306
146848	53347	78357
141276	53181	78356
127110	53347	78363
145705	53347	83081
87564	53347	82579
129268	53347	94202
144143	56138	94156
143852	51088	43010
112534	53347	93641
111904	53339	93639
98857	44878	93638
112417	58092	92981
112978	62314	92915
143320	62322	92527
95060	59195	92614
97397	88685	91828
141959	97095	92470
139454	105321	92469
139256	127118	92465
139253	126608	91869
96430	126153	30670
44860	80375	89950
26052	87488	88066
136070	125223	39850
68160	124849	42661
72949	114304	42968
72948	79520	42968
135303	79243	39859
35465	79229	42862
56639	79246	42793
134422	79243	42969
106598	74659	87662
106584	122896	87652
106235	55803	22615
106749	59740	22569
105354	62901	11519
104370	55801	22596
104011	59453	22641
134265	59469	11454
134130	122643	22563
130834	122642	51344
130832	121974	84778
130685	121974	84462
127779	85956	83698
116920	120663	83583
130499	81290	80886
129673	120155	83356
127617	120149	82199
123221	120151	9511
96117	119901	3659
97950	118919	3659
128906	118514	3659
128762	100014	80133
128755	118503	38962
128760	113098	39077
110396	118514	35896
128684	115807	35896
13073	117713	40334
19974	60851	40334
13073	73860	40334
128565	116947	40335
128380	60947	40303
55623	113361	40149
59183	116462	39921
46279	116438	38967
53343	116379	78791
53340	116219	78276
52980	76909	77525
45656	115887	76665
52461	115693	73190
41223	110280	73162
55445	113481	73165
43532	110675	70295
43532	110674	70292
46272	109696	70292
46985	110675	70282
53131	110879	70225
52835	109714	62911
74468	110674	63003
61742	110675	62905
66613	110675	61107
53338	110665	61085
42700	110651	61125
53348	110401	60759
78726	110675	56550
126711	110669	28447
123638	80121	55458
33654	80119	55458
125483	113976	54880
98507	113742	27619
125203	90626	27623
125190	113760	54158
125051	92714	54157
91724	102585	54156
123739	113456	54153
123731	113453	54157
123448	113446	54157
123192	89024	54157
91263	113090	52131
40217	90144	42866
123127	90130	46142
63033	110563	46160
59175	109605	46149
121928	51905	46142
106836	108829	46143
98529	89985	46149
119651	107769	48334
119526	97083	24266
78508	99088	48087
41992	99505	48080
118382	96699	48087
117728	106111	48087
117156	106063	48086
117043	105220	45992
61771	105007	44364
62790	104747	44150
70608	104745	44151
70608	99773	44130
97960	104010	43628
110926	103517	43207
110893	103423	43213
110892	102995	5266
110674	102896	39300
110675	102733	33888
110666	102726	30605
110675	102470	31171
110675	38366	28111
112192	102364	18437
110676	95786	24741
110674	101350	7069
111262	101269	6961
110746	94608	8356
109288	97401	8358
110856	94056	24364
110674	95583	13704
110674	97089	7136
110674	88278	16359
110675	98455	16575
110674	88271	16499
110674	96723	13900
110665	99480	24157
110674	99467	7129
110674	99479	4055
110675	98107	4073
110668	97823	4074
113293	97798	5164
108347	97214	13202
110675	96924	12954
110678	96922	19519
110675	95592	18855
110677	96784	19152
114703	96303	7706
82237	96297	6477
113736	96303	12489
114685	96303	6476
114702	95874	12520
114682	94726	6471
114702	84920	12458
114684	84901	12479
114242	84512	6463
114241	82598	6477
114102	94011	12463
89280	92742	6477
107042	92336	12799
113699	46161	12480
113343	34895	12437
112138	45406	6475
112141	45407	6477
113210	83304	12512
113207	82463	12517
101259	90615	12533
113002	29469	12515
112145	30049	12470
98455	30049	6480
98471	89461	12464
98471	89440	12525
98469	87969	12449
98469	87960	18048
101620	87961	17954
98471	87259	17888
98471	87164	11934
98471	86919	11900
111524	86458	11918
111237	86362	11897
110505	86072	11779
110180	85437	11767
110057	84929	6129
110052	84629	11774
109951	84607	11602
109664	84625	11626
88347	84625	11660
109579	84625	11656
108989	84625	11814
108869	84133	17280
108866	84122	4211
108860	83965	17047
84863	83926	16656
108185	47454	10621
107717	83527	5632
54109	83364	16367
54106	83334	16321
39771	83364	10393
107547	28390	10354
107158	82981	15415
104355	40610	15050
94176	41684	7503
106326	80876	7547
93392	80160	14628
94753	41672	7582
94608	34574	7561
93538	79574	14659
95941	59447	7298
93247	58416	14627
106100	38967	14620
106007	77364	14458
89356	59559	14919
94429	77097	14779
94414	77002	14654
102301	76990	14770
102175	76252	7536
101641	68211	7530
101607	75006	14626
101406	75926	14176
100955	70406	14525
100900	72278	7511
100694	75731	7513
100419	75518	14500
96845	74423	14335
94432	74423	14219
94235	74415	14033
99907	74423	13655
92745	74423	13147
96051	74414	13472
99801	74423	8589
99593	73633	13468
99245	70793	13463
98471	70666	4666
96843	69758	4146
94214	70025	4612
93939	35004	4142
96063	35011	13364
91303	69513	13038
91936	34952	12977
91939	34956	12968
91941	34956	12769
73040	69411	5900
76452	34956	3167
76458	69502	3218
76458	35360	6430
75388	34968	7929
76458	69484	7879
76453	66195	11925
76458	66195	12416
95773	66194	12217
94861	66195	4160
94230	64497	11975
86931	66328	11972
84300	67527	11969
84385	35519	11632
93725	66995	11493
93722	66584	11481
74267	63082	11212
46161	62485	7316
36107	62470	11009
92317	31231	5729
91811	61903	10997
91810	61186	10931
91811	30578	10482
91810	59638	10444
91314	55456	10424
90567	53976	7526
90510	53297	9945
27250	53022	9881
54135	51686	5130
27245	51686	9879
90011	51949	9592
89839	48425	8840
89449	47437	4665
87107	47454	9219
87107	48489	4774
87101	48627	9185
87107	48122	9184
89444	48106	9123
87520	47190	9101
11501	36894	2320
85949	18601	9023
85680	46714	8826
62111	46712	7596
85328	46719	8035
61793	46719	7915
76745	44394	7895
40617	44257	7667
40616	41594	2042
40608	41207	2044
82939	38809	7472
82260	37997	3901
2852	37997	7429
81597	2797	7189
80868	28950	7173
79105	28962	2045
79077	2764	1893
39511	28993	5420
39511	3151	5353
39511	30403	1857
39511	28035	3138
29478	26954	6358
39511	24264	3373
39505	12979	6079
39511	8324	6078
38706	13548	6079
74323	5821	6066
78157	13049	3205
58355	12927	3205
76109	23714	3205
75763	21905	3195
38005	11396	3234
37998	3636	5928
75331	11932	3205
25288	7683	3892
75107	16262	3720
75100	11501	3895
74215	21471	3814
73477	20542	3703
7844	9877	3843
7933	10017	3669
4172	10027	3699
36145	9989	3667
34609	9930	3894
34606	9926	5901
34050	9711	5934
33888	13397	5813
69354	20036	5751
68962	19816	5772
68247	12620	3050
63392	13013	5591
67988	19508	5045
62475	19506	3022
65167	18959	3079
64373	12459	4619
65732	12536	4590
65726	12519	4520
65528	12434	4499
63941	6477	2275
63752	12484	2526
62034	12552	2138
60754	12480	3914
30582	12570	3783
30570	18849	3718
59749	9025	3571
58486	14180	3498
56267	18811	2255
55955	17994	2003
55746	11879	1934
54823	17226	1749
54812	10775	1742
51965	5789	
42709	16713	
51479	16574	
50978	16592	
50704	16461	
48947	11037	
47908	10812	
47462	10835	
46831	15939	
46723	15877	
39040	15273	
36917	15455	
36795	7940	
46719	15498	
46718	9763	
46718	15420	
46719	14874	
36863	14862	
36742	14855	
46565	9847	
44202	9704	
42675	14322	
41607	7329	
40850	14211	
38311	13869	
40242	13576	
39823	4538	
39976	8937	
38799	8941	
38083	13369	
36905	13184	
36888	13165	
36887	13055	
36880	5960	
35229	12524	
34123	12477	
33629	6444	
33628	12510	
33309	12485	
33014	12094	
32583	7920	
3564	8086	
6863	7906	
32280	12379	
31426	12222	
29040	4148	
14237	4724	
26985	7906	
25798	12128	
25728	5569	
24969	5570	
12897	12004	
6649	11934	
12929	11880	
12981	7642	
12779	11817	
12866	11668	
6664	11590	
13002	11475	
12773	11445	
8137	11287	
14562	4073	
14556	6058	
6755	11100	
23496	10922	
22588	10907	
4073	10770	
4073	10531	
15352	10695	
7558	7561	
7711	7867	
4055	9876	
21812	9845	
14396	9844	
14483	8036	
14366	9689	
7395	6307	
21660	3260	
20401	9449	
20173	4803	
5544	9029	
10009	4664	
9962	8929	
9996	8913	
20090	8910	
17271	9354	
19741	9105	
12982	9071	
19509	9137	
12943	8966	
19594	8905	
19112	6546	
12469	8787	
12521	8737	
12521	8740	
12491	4637	
12490	8627	
12471	8590	
6469	8536	
12490	3066	
12565	4258	
4921	8148	
18638	8103	
18508	8131	
18497	7570	
18375	7736	
18374	7681	
6113	7609	
6079	6121	
5792	7599	
16620	7442	
5634	7390	
5628	7376	
16094	7112	
7896	3804	
7964	3221	
16035	6650	
16018	6547	
15604	6483	
15458	3373	
15421	6105	
10063	6067	
15246	3282	
14938	6044	
14930	3629	
14604	2084	
14659	3257	
14007	3169	
13451	5940	
13530	5923	
6995	5914	
8944	3131	
8973	5913	
8905	5811	
4665	5640	
8449	3065	
8943	5622	
5077	5514	
4146	5291	
8965	5091	
13435	5053	
13211	4469	
12880	4384	
6434	3531	
12507	4072	
12476	3965	
7694	3230	
8030	3872	
7891	3853	
12442	3816	
6517	3229	
12358	3003	
12343	2989	
12217	2753	
8985	2713	
12189	2545	
4082	2334	
12169	2294	
5569	1943	
5569	1934	
5567	1934	
5566	1934	
5569		
5568		
5570		
12089		
6122		
6069		
11568		
6075		
11562		
11631		
11607		
11585		
6046		
5989		
11056		
11017		
11012		
11042		
10963		
10891		
5629		
10885		
10196		
10266		
10661		
10659		
10701		
4012		
4018		
10099		
10086		
9924		
10024		
9911		
7180		
6715		
8944		
6324		
9638		
3337		
9612		
3372		
9442		
9371		
9354		
8813		
4468		
8831		
8914		
4664		
9322		
9182		
9157		
4088		
9147		
9087		
8914		
4633		
8904		
8892		
8837		
4241		
4586		
8832		
8730		
8710		
8668		
8567		
8420		
5555		
8419		
8334		
8320		
4237		
8316		
8208		
4076		
8059		
8045		
8045		
8007		
7955		
7955		
7899		
7865		
7834		
4083		
7808		
7285		
7670		
4094		
7613		
7603		
2043		
7441		
7402		
7229		
3968		
7166		
7106		
7033		
4570		
6997		
6956		
3658		
6933		
3107		
2685		
6520		
2327		
6358		
3378		
6355		
2255		
6237		
6182		
6103		
3283		
5985		
3226		
3227		
5885		
3123		
3155		
5860		
5845		
5833		
5632		
2986		
4994		
3284		
5575		
5515		
5193		
5101		
5018		
2699		
2707		
2671		
4921		
4867		
4772		
4726		
4725		
2188		
3903		
4630		
4615		
4518		
2314		
4154		
2321		
2308		
4444		
4438		
4366		
4290		
4242		
4122		
4118		
2131		
3995		
3988		
3685		
3626		
2136		
3466		
3262		
3159		
2969		
2818		
2786		
2765		
2690		
2617		
2351		
2257		
2251		
2252		
2177		
1983		
1978		
1961		
1531		